{"default_fov": 75.0, "default_transition_sec": 2.0, "keyframes": [{"matrix": [-0.7887018194634076, 0.2869439404318001, -0.5437026899184725, -0.3477114487463474, -0.6147759266392196, -0.36812308045264774, 0.6975212954906415, 0.4280008825119377, -5.551115123125783e-17, 0.8843916398788071, 0.46674557021194607, 0.16298370833739623, 0.0, 0.0, 0.0, 1.0], "fov": 75.0, "aspect": 1.7777777777777777, "override_transition_enabled": false, "override_transition_sec": null}, {"matrix": [-0.9033395670807088, -0.23894385912024543, 0.3562070447579083, 0.1907576160228092, 0.4289261318064431, -0.5032275402415431, 0.7501895868352269, 0.4224186450755969, -2.220446049250313e-16, 0.8304624464304036, 0.5570746135562356, 0.16308929986773918, 0.0, 0.0, 0.0, 1.0], "fov": 75.0, "aspect": 1.7777777777777777, "override_transition_enabled": false, "override_transition_sec": null}, {"matrix": [0.401633300390032, -0.5131261631332983, 0.7585461309148641, 0.3243806296749641, 0.9158005743707581, 0.22503649831984762, -0.33266782592569855, -0.173729246360586, -1.1102230246251565e-16, 0.8282874592386638, 0.5603033864505541, 0.1955207425740727, 0.0, 0.0, 0.0, 1.0], "fov": 75.0, "aspect": 1.7777777777777777, "override_transition_enabled": false, "override_transition_sec": null}, {"matrix": [0.9801797951057438, -0.11281344737800612, 0.16285175883960207, 0.06401077949173807, 0.19810999284857406, 0.5581619591529982, -0.8057342353952853, -0.41174829352221076, 8.326672684688674e-17, 0.8220269785385251, 0.5694485460116862, 0.17526550104731098, 0.0, 0.0, 0.0, 1.0], "fov": 75.0, "aspect": 1.7777777777777777, "override_transition_enabled": false, "override_transition_sec": null}, {"matrix": [0.8887265642361807, 0.2191886988258427, -0.4026430284110081, -0.21091498925115254, -0.4584376664509078, 0.4249188787975616, -0.7805631636328154, -0.41508309826585343, 1.3877787807814457e-16, 0.8782939489421848, 0.4781210508349772, 0.1116598465649001, 0.0, 0.0, 0.0, 1.0], "fov": 75.0, "aspect": 1.7777777777777777, "override_transition_enabled": false, "override_transition_sec": null}, {"matrix": [-0.2991519785766268, 0.46959898307575254, -0.8306532903732511, -0.4148061007236713, -0.9542054777214861, -0.14722349452461114, 0.2604172593095019, 0.0808084125633078, 1.1102230246251565e-16, 0.8705182581394723, 0.4921361216633251, 0.11833620136877172, 0.0, 0.0, 0.0, 1.0], "fov": 75.0, "aspect": 1.7777777777777777, "override_transition_enabled": false, "override_transition_sec": null}], "camera_type": "perspective", "render_height": 1080.0, "render_width": 1920.0, "fps": 30.0, "seconds": 10.0, "is_cycle": false, "smoothness_value": 0.0, "camera_path": [{"camera_to_world": [-0.7887018194634076, 0.2869439404318001, -0.5437026899184725, -0.3477114487463474, -0.6147759266392196, -0.36812308045264774, 0.6975212954906415, 0.4280008825119377, -5.551115123125783e-17, 0.8843916398788071, 0.46674557021194607, 0.16298370833739623, 0.0, 0.0, 0.0, 1.0], "fov": 75.0, "aspect": 1.7777777777777777}, {"camera_to_world": [-0.8052638494102397, 0.2769795648793799, -0.52424465039925, -0.3356507714711563, -0.5929149512316543, -0.37828145104052635, 0.7108832565229247, 0.429114595709572, -0.0014118919815054864, 0.8832810789538644, 0.4688417026280082, 0.16291858122253913, 0.0, 0.0, 0.0, 1.0], "fov": 75.0, "aspect": 1.7777777777777777}, {"camera_to_world": [-0.8210127693790072, 0.26688899325814774, -0.5046863360487046, -0.32359523927992584, -0.570903255335366, -0.38804479938295977, 0.723526576373889, 0.43022629709755655, -0.0027396284593990683, 0.882151630361522, 0.47095753044877975, 0.16285356561694628, 0.0, 0.0, 0.0, 1.0], "fov": 75.0, "aspect": 1.7777777777777777}, {"camera_to_world": [-0.8359626218998554, 0.25668800521458235, -0.48505439155344116, -0.3115499972566166, -0.5487719206392527, -0.397417719805648, 0.735464842873122, 0.4313339748662415, -0.003984206850326466, 0.8810053484306658, 0.47308952866485576, 0.16278877302988204, 0.0, 0.0, 0.0, 1.0], "fov": 75.0, "aspect": 1.7777777777777777}, {"camera_to_world": [-0.8501281935289025, 0.2463917637565217, -0.4653742078373435, -0.29952019048518913, -0.5265506294576072, -0.40640524224580277, 0.7467122696815204, 0.43243561720597734, -0.00514676452561888, 0.8798442349803063, 0.4752342927302672, 0.16272431497061063, 0.0, 0.0, 0.0, 1.0], "fov": 75.0, "aspect": 1.7777777777777777}, {"camera_to_world": [-0.8635249335028766, 0.23601481834368726, -0.44566993923872517, -0.2875109640496042, -0.5042676810470206, -0.415012792382206, 0.7572836245493391, 0.43352921230711416, -0.006228568881610053, 0.8786702383040639, 0.47738853908359247, 0.16266030294839642, 0.0, 0.0, 0.0, 1.0], "fov": 75.0, "aspect": 1.7777777777777777}, {"camera_to_world": [-0.876168876192992, 0.22557110954743215, -0.42596452308642985, -0.2755274630338222, -0.48195001080791516, -0.42324615340305816, 0.7671941610255942, 0.43461274836000224, -0.007231007741645007, 0.8774852523929136, 0.4795491052645025, 0.16259684847250364, 0.0, 0.0, 0.0, 1.0], "fov": 75.0, "aspect": 1.7777777777777777}, {"camera_to_world": [-0.8880765673267589, 0.2150739751385448, -0.40627970141667846, -0.2635748325218039, -0.45962321207529255, -0.4311114294145849, 0.7764595535826088, 0.43568421355499176, -0.00815558009656342, 0.8762911163798354, 0.48171294965681644, 0.1625340630521966, 0.0, 0.0, 0.0, 1.0], "fov": 75.0, "aspect": 1.7777777777777777}, {"camera_to_world": [-0.8992649939338322, 0.2045361574684103, -0.3866360445861754, -0.2516582175975099, -0.43731156021843604, -0.43861501048642526, 0.7850958361087587, 0.4367415960824331, -0.00900388718846093, 0.8750896141904846, 0.48387715088795674, 0.16247205819673954, 0.0, 0.0, 0.0, 1.0], "fov": 75.0, "aspect": 1.7777777777777777}, {"camera_to_world": [-0.9097515179608797, 0.19396981201527647, -0.36705297655057056, -0.2397827633449007, -0.41503803878433704, -0.4457635393235748, 0.7931193437130197, 0.4377828841326766, -0.009777623940741498, 0.8738824743845583, 0.48603890691342316, 0.16241094541539686, 0.0, 0.0, 0.0, 1.0], "fov": 75.0, "aspect": 1.7777777777777777}, {"camera_to_world": [-0.9195538134905783, 0.18338651697382763, -0.347548801590716, -0.227953614847937, -0.3928243674344413, -0.45256387954905064, 0.8005466577765743, 0.4388060658960723, -0.010478570735832998, 0.8726713701730568, 0.48819553381366954, 0.16235083621743274, 0.0, 0.0, 0.0, 1.0], "fov": 75.0, "aspect": 1.7777777777777777}, {"camera_to_world": [-0.9286898074912077, 0.1727972837726654, -0.3281407322822526, -0.2161759171905794, -0.37069103143889887, -0.4590230855763975, 0.8073945541794847, 0.43980912956297036, -0.011108585540441057, 0.8714579195972187, 0.49034446432949397, 0.16229184211211153, 0.0, 0.0, 0.0, 1.0], "fov": 75.0, "aspect": 1.7777777777777777}, {"camera_to_world": [-0.9371776240158245, 0.16221256841062753, -0.30884491851685364, -0.2044548154567885, -0.34865731250678694, -0.46514837404672693, 0.8136799546241945, 0.44079006332372134, -0.011669596376874813, 0.87024368585547, 0.4924832461608079, 0.1622340746086975, 0.0, 0.0, 0.0, 1.0], "fov": 75.0, "aspect": 1.7777777777777777}, {"camera_to_world": [-0.9450355317635714, 0.15164228350909575, -0.289676477395889, -0.1927954547305249, -0.3267413207447076, -0.47094709680104996, 0.8194198809723051, 0.44174685536867536, -0.012163594137757139, 0.8690301777653119, 0.49460954005239577, 0.16217764521645495, 0.0, 0.0, 0.0, 1.0], "fov": 75.0, "aspect": 1.7777777777777777}, {"camera_to_world": [-0.9522818949102365, 0.1410958109835524, -0.2706495238293672, -0.1812029800957492, -0.3049600275497316, -0.4764267153552353, 0.8246314125066355, 0.4426774938881827, -0.012592625740347752, 0.8678188503476493, 0.49672111768903887, 0.16212266544464815, 0.0, 0.0, 0.0, 1.0], "fov": 75.0, "aspect": 1.7777777777777777}, {"camera_to_world": [-0.9589351271106614, 0.13058201524361196, -0.25177720168469997, -0.16968253663642205, -0.28332929925581485, -0.4815947768419747, 0.8293316460269309, 0.44357996707259345, -0.01295878761574136, 0.8666111055216446, 0.4988158594211732, 0.1620692468025414, 0.0, 0.0, 0.0, 1.0], "fov": 75.0, "aspect": 1.7777777777777777}, {"camera_to_world": [-0.9650136485719372, 0.12010925683655954, -0.23307171534110954, -0.15823926943650404, -0.26186393136552477, -0.48645889138161635, 0.8335376586846934, 0.44445226311225816, -0.013264219527343454, 0.8654082928987554, 0.5008917518410463, 0.162017500799399, 0.0, 0.0, 0.0, 1.0], "fov": 75.0, "aspect": 1.7777777777777777}, {"camera_to_world": [-0.9705358460934461, 0.10968540645507431, -0.21454436151636358, -0.14687832357995573, -0.24057768321119466, -0.49102671084160754, 0.8372664734603951, 0.4452923701975268, -0.013511098712282621, 0.864211710665192, 0.5029468852281813, 0.1619675389444852, 0.0, 0.0, 0.0, 1.0], "fov": 75.0, "aspect": 1.7777777777777777}, {"camera_to_world": [-0.975520035967621, 0.09931785923527053, -0.19620556124293548, -0.13560484415073779, -0.21948331290141215, -0.4953059089425196, 0.8405350271847366, 0.4460982765187499, -0.013701634338761301, 0.8630226065425796, 0.5049794508818144, 0.16191947274706436, 0.0, 0.0, 0.0, 1.0], "fov": 75.0, "aspect": 1.7777777777777777}, {"camera_to_world": [-0.9799844296338237, 0.08901354927647046, -0.17806489188067015, -0.12442397623281076, -0.19859261242007828, -0.4993041626672652, 0.8433601410046065, 0.44686797026627734, -0.013838062271790491, 0.8618421788171815, 0.5069877383568714, 0.16187341371640068, 0.0, 0.0, 0.0, 1.0], "fov": 75.0, "aspect": 1.7777777777777777}, {"camera_to_world": [-0.9839471019768126, 0.07877896431918997, -0.1601311190625624, -0.1133408649101354, -0.17791644275610058, -0.5030291349290056, 0.8457584931938857, 0.4475994396304596, -0.013922640139281323, 0.860671577428564, 0.5089701326189775, 0.1618294733617585, 0.0, 0.0, 0.0, 1.0], "fov": 75.0, "aspect": 1.7777777777777777}, {"camera_to_world": [-0.9874259621609034, 0.06862016052270567, -0.14241222847934087, -0.10236065526667211, -0.15746476895213848, -0.5064884584524423, 0.847746594209212, 0.4482906728016471, -0.013957642690065233, 0.8595119051091187, 0.5109251111329622, 0.16178776319240215, 0.0, 0.0, 0.0, 1.0], "fov": 75.0, "aspect": 1.7777777777777777}, {"camera_to_world": [-0.9904387268910866, 0.058542777288237, -0.12491545741718088, -0.09148849238638165, -0.13724669497066583, -0.5096897208227011, 0.8493407638912112, 0.4489396579701898, -0.013945357435098664, 0.8583642185663711, 0.5128512408983237, 0.16174839471759583, 0.0, 0.0, 0.0, 1.0], "fov": 75.0, "aspect": 1.7777777777777777}, {"camera_to_world": [-0.993002895992892, 0.04855205207824912, -0.10764732597106431, -0.0807295213532246, -0.11727049828498834, -0.5126404506556703, 0.8505571107124681, 0.449544383326438, -0.01388808056284739, 0.857229529700501, 0.5147471754441568, 0.16171147944660388, 0.0, 0.0, 0.0, 1.0], "fov": 75.0, "aspect": 1.7777777777777777}, {"camera_to_world": [-0.9951357302038027, 0.03865283518664368, -0.0906136678640589, -0.0700888872511615, -0.09754366411173719, -0.515348104843644, 0.8514115129746136, 0.4501028370607421, -0.013788113119655485, 0.8561088068499811, 0.5166116517951382, 0.16167712888869062, 0.0, 0.0, 0.0, 1.0], "fov": 75.0, "aspect": 1.7777777777777777}, {"camera_to_world": [-0.9968542310703038, 0.028849604418657165, -0.07381966081010977, -0.05957173516415308, -0.07807291920976324, -0.5178200568302047, 0.8519196018583144, 0.45061300736345233, -0.013647757445765216, 0.8550029760587095, 0.5184434874192668, 0.16164545455312027, 0.0, 0.0, 0.0, 1.0], "fov": 75.0, "aspect": 1.7777777777777777}, {"camera_to_world": [-0.9981751228462994, 0.01914647964314183, -0.057269856364838265, -0.0491832101761598, -0.058864265178296335, -0.5200635858686165, 0.8520967462316089, 0.4510728824249187, -0.013469313857567517, 0.8539129223584514, 0.5202415771672384, 0.16161656794915716, 0.0, 0.0, 0.0, 1.0], "fov": 75.0, "aspect": 1.7777777777777777}, {"camera_to_world": [-0.9991148362905289, 0.009547237183550605, -0.0409682092153335, -0.03892845737114242, -0.03992301119471149, -0.5220858672184455, 0.8519580391239414, 0.4514804504354918, -0.013255077566625138, 0.8528394910608474, 0.522004890212513, 0.16159058058606554, 0.0, 0.0, 0.0, 1.0], "fov": 75.0, "aspect": 1.7777777777777777}, {"camera_to_world": [-0.9996894942627452, 5.532401739975594e-05, -0.02491810586600649, -0.028812621833061408, -0.02125380613927226, -0.5238939632357407, 0.8515182857753217, 0.45183369958552166, -0.013007335826011457, 0.8517834890536452, 0.5237324670003838, 0.16156760397310976, 0.0, 0.0, 0.0, 1.0], "fov": 75.0, "aspect": 1.7777777777777777}, {"camera_to_world": [-0.9999148990207776, -0.00932612824275987, -0.00912239268328308, -0.018840848645877473, -0.0028606700608214846, -0.5254948153128371, 0.8507919931723209, 0.45213061806535865, -0.012728365294551361, 0.8507456860962193, 0.5254234162136302, 0.1615477496195541, 0.0, 0.0, 0.0, 1.0], "fov": 75.0, "aspect": 1.7777777777777777}, {"camera_to_world": [-0.999806521123082, -0.018594289610769563, 0.006416596732776451, -0.00901828289355119, 0.015252975056448948, -0.526895236624664, 0.8497933609849908, 0.452369194065353, -0.01242042960962287, 0.8497268161098073, 0.5270769117616538, 0.16153112903466277, 0.0, 0.0, 0.0, 1.0], "fov": 75.0, "aspect": 1.7777777777777777}, {"camera_to_world": [-0.9993794898440871, -0.02774661825170727, 0.02169701487686878, 0.0006499303399567947, 0.033084275259239446, -0.5281019056394048, 0.848536273821338, 0.45254741577585494, -0.012085777159285896, 0.8487275784582611, 0.5286921897993505, 0.16151785372770017, 0.0, 0.0, 0.0, 1.0], "fov": 75.0, "aspect": 1.7777777777777777}, {"camera_to_world": [-0.9986485850123761, -0.03678084728847621, 0.03671747438919175, 0.010158645970685975, 0.05063091535313173, -0.5291213603523266, 0.847034294718583, 0.45266327138721457, -0.011726639044635504, 0.8477486392154489, 0.5302685457813539, 0.1615080352079305, 0.0, 0.0, 0.0, 1.0], "fov": 75.0, "aspect": 1.7777777777777777}, {"camera_to_world": [-0.9976282301846553, -0.04569497190592918, 0.05147702284659464, 0.019502718914675678, 0.06789109041605654, -0.5299599932027191, 0.8453006597931252, 0.4527147490897824, -0.011345227223432747, 0.8467906324157644, 0.5318053315567253, 0.16150178498461812, 0.0, 0.0, 0.0, 1.0], "fov": 75.0, "aspect": 1.7777777777777777}, {"camera_to_world": [-0.9963324870713706, -0.05448723676596762, 0.06597511830824256, 0.02867700408796523, 0.0848634781163547, -0.5306240466349771, 0.8433482739738765, 0.45269983707390854, -0.010943732826243696, 0.8458541612845154, 0.533301952508611, 0.16149921456702726, 0.0, 0.0, 0.0, 1.0], "fov": 75.0, "aspect": 1.7777777777777777}, {"camera_to_world": [-0.9947750511328597, -0.06315612374485347, 0.08021160562625065, 0.03767635640659414, 0.10154721185026083, -0.53111960926608, 0.8411897077464067, 0.4526165235299434, -0.01052432463651002, 0.8449397994452453, 0.534757864742889, 0.16150043546442225, 0.0, 0.0, 0.0, 1.0], "fov": 75.0, "aspect": 1.7777777777777777}, {"camera_to_world": [-0.9929692482679392, -0.07170034000193386, 0.09418669352839056, 0.0464956307866017, 0.11794185470969619, -0.5314526126229164, 0.8388371948381362, 0.45246279664823696, -0.010089147726185702, 0.844048092101323, 0.5361725723293534, 0.16150555918606735, 0.0, 0.0, 0.0, 1.0], "fov": 75.0, "aspect": 1.7777777777777777}, {"camera_to_world": [-0.9909280325198829, -0.08011880638708241, 0.10790093247689304, 0.05512968214402738, 0.13404737428762276, -0.5316288284141566, 0.8363026307776302, 0.45223664461913965, -0.009640322238794949, 0.8431795571893927, 0.5375456245985374, 0.16151469724122686, 0.0, 0.0, 0.0, 1.0], "fov": 75.0, "aspect": 1.7777777777777777}, {"camera_to_world": [-0.9886639847278007, -0.08841064619241515, 0.12135519330455899, 0.06357336539491056, 0.1498641183248867, -0.5316538663026453, 0.8335975722638314, 0.45193605563300177, -0.009179942312000117, 0.8423346865025141, 0.5388766134968743, 0.1615279611391651, 0.0, 0.0, 0.0, 1.0], "fov": 75.0, "aspect": 1.7777777777777777}, {"camera_to_world": [-0.9861893120544634, -0.0965751742522232, 0.13455064662682875, 0.07182153545529055, 0.1653927911994346, -0.5315331721455523, 0.8307332372838754, 0.4515590178801735, -0.008710075132010206, 0.841513946781062, 0.5401651710024953, 0.1615454623891463, 0.0, 0.0, 0.0, 1.0], "fov": 75.0, "aspect": 1.7777777777777777}, {"camera_to_world": [-0.983515848324646, -0.10461188639358235, 0.14748874302613202, 0.07986904724120679, 0.18063443125601428, -0.5312720266708205, 0.8277205059208667, 0.45110351955100497, -0.0082327601124072, 0.8407177807696561, 0.5414109666036293, 0.16156731250043482, 0.0, 0.0, 0.0, 1.0], "fov": 75.0, "aspect": 1.7777777777777777}, {"camera_to_world": [-0.9806550551110467, -0.11252044923873626, 0.16017119400273894, 0.08771075566869874, 0.1955903889719573, -0.5308755445597165, 0.8245699217957341, 0.45056754883584665, -0.007750008190221577, 0.8399466082386056, 0.5426137048412194, 0.16159362298229488, 0.0, 0.0, 0.0, 1.0], "fov": 75.0, "aspect": 1.7777777777777777}, {"camera_to_world": [-0.9776180235077765, -0.12030069035911009, 0.17259995368443914, 0.09534151565380572, 0.21026230595236514, -0.5303486739065748, 0.8212916940899451, 0.44994909392504867, -0.007263801232344935, 0.8392008269685269, 0.5437731229170835, 0.1616245053439908, 0.0, 0.0, 0.0, 1.0], "fov": 75.0, "aspect": 1.7777777777777777}, {"camera_to_world": [-0.9744154765343218, -0.1279525887796758, 0.18477720128568365, 0.1027561821125671, 0.22465209474597875, -0.5296961960280958, 0.8178957000984962, 0.44924614300896143, -0.006776091545623544, 0.8384808136969769, 0.5448889883686593, 0.16166007109478686, 0.0, 0.0, 0.0, 1.0], "fov": 75.0, "aspect": 1.7777777777777777}, {"camera_to_world": [-0.971057772115714, -0.13547626583136319, 0.19670532430530785, 0.10994960996102235, 0.2387619194711718, -0.5289227255958052, 0.8143914882651627, 0.44845668427793495, -0.006288801484240478, 0.837786925026104, 0.5459610968111164, 0.16170043174394738, 0.0, 0.0, 0.0, 1.0], "fov": 75.0, "aspect": 1.7777777777777777}, {"camera_to_world": [-0.9675549065874096, -0.14287197634827928, 0.20838690245062533, 0.11691665411521075, 0.2525941772398833, -0.5280327110665151, 0.8107882816544978, 0.4475787059223196, -0.005803823148246345, 0.8371194982904673, 0.5469892697473877, 0.16174569880073664, 0.0, 0.0, 0.0, 1.0], "fov": 75.0, "aspect": 1.7777777777777777}, {"camera_to_world": [-0.9639165186761014, -0.15014010020566418, 0.2198246922744982, 0.12365216949117179, 0.2661514803658523, -0.527030435386847, 0.8070949818175154, 0.44661019613246566, -0.005323018167361984, 0.8364788523843166, 0.5479733524464548, 0.1617959837744189, 0.0, 0.0, 0.0, 1.0], "fov": 75.0, "aspect": 1.7777777777777777}, {"camera_to_world": [-0.9601518939103062, -0.1572811341937654, 0.23102161251098302, 0.13015101100494492, 0.2794366393422667, -0.5259200169490631, 0.8033201730103615, 0.4455491430987233, -0.004848217564425439, 0.8358652885477539, 0.5489132118900292, 0.16185139817425845, 0.0, 0.0, 0.0, 1.0], "fov": 75.0, "aspect": 1.7777777777777777}, {"camera_to_world": [-0.9562699694171325, -0.16429568422212912, 0.24198073009423637, 0.1364080335725693, 0.29245264657279657, -0.5247054107765978, 0.799472126727586, 0.44439353501144296, -0.004381221693112142, 0.8352790911113152, 0.5498087347875907, 0.1619120535095196, 0.0, 0.0, 0.0, 1.0], "fov": 75.0, "aspect": 1.7777777777777777}, {"camera_to_world": [-0.9522793390641131, -0.17118445784824357, 0.25270524684465767, 0.1424180921100845, 0.30520266083908143, -0.523390409918844, 0.7955588065138426, 0.4431413600609746, -0.003923800244799824, 0.8347205281986227, 0.5506598256595912, 0.16197806128946662, 0.0, 0.0, 0.0, 1.0], "fov": 75.0, "aspect": 1.7777777777777777}, {"camera_to_world": [-0.9481882589073867, -0.17794825712392015, 0.2631984868055639, 0.14817604153352987, 0.31768999248687224, -0.5219786470358255, 0.7915878730200081, 0.44179060643766876, -0.003477692319696718, 0.8341898523868585, 0.5514664049884824, 0.16204953302336383, 0.0, 0.0, 0.0, 1.0], "fov": 75.0, "aspect": 1.7777777777777777}, {"camera_to_world": [-0.9440046529098112, -0.1845879717523654, 0.27346388421320916, 0.1536767367589449, 0.3299180893123883, -0.5204735961544636, 0.7875666892717745, 0.4403392623318755, -0.003044606557585483, 0.8336873013248964, 0.5522284074371048, 0.16212658022047552, 0.0, 0.0, 0.0, 1.0], "fov": 75.0, "aspect": 1.7777777777777777}, {"camera_to_world": [-0.9397361188948425, -0.19110457254850027, 0.28350497208252534, 0.15891503270236876, 0.3418905231298713, -0.5188785745791911, 0.7835023261207652, 0.43878531593394515, -0.0026262213237704113, 0.8332130983090231, 0.5529457801338542, 0.16220931439006597, 0.0, 0.0, 0.0, 1.0], "fov": 75.0, "aspect": 1.7777777777777777}, {"camera_to_world": [-0.9353899347041396, -0.19749910519475034, 0.2933253713906439, 0.16388578427984096, 0.3536109770008732, -0.5171967449406599, 0.7794015678501516, 0.4371267554342279, -0.002224184946039265, 0.8327674528162465, 0.5536184810239508, 0.16229784704139943, 0.0, 0.0, 0.0, 1.0], "fov": 75.0, "aspect": 1.7777777777777777}, {"camera_to_world": [-0.9309730645289251, -0.20377268428424555, 0.30292878084001096, 0.16858384640740096, 0.3650832331054572, -0.5154311173672655, 0.7752709179085714, 0.43536156902307416, -0.0018401159986702609, 0.832350560995261, 0.5542464772860409, 0.16239228968374023, 0.0, 0.0, 0.0, 1.0], "fov": 75.0, "aspect": 1.7777777777777777}, {"camera_to_world": [-0.926492165387111, -0.20992648764315142, 0.3123189671827695, 0.1730040740010881, 0.37631116123526026, -0.5135845517651413, 0.7711166047479258, 0.433487744890834, -0.0014756036297297326, 0.831962606115208, 0.5548297438132884, 0.16249275382635264, 0.0, 0.0, 0.0, 1.0], "fov": 75.0, "aspect": 1.7777777777777777}, {"camera_to_world": [-0.921953593720076, -0.21596175092365213, 0.32149975608797443, 0.1771413219769417, 0.38729870788816756, -0.5116597601931776, 0.7669445877423059, 0.4315032712278578, -0.0011322079281087805, 0.8316037589724147, 0.5553682617580495, 0.16259935097850095, 0.0, 0.0, 0.0, 1.0], "fov": 75.0, "aspect": 1.7777777777777777}, {"camera_to_world": [-0.9173634120848054, -0.221879762458978, 0.33047502353320346, 0.18099044525100128, 0.39804988594428925, -0.5096593093204835, 0.7627605631669131, 0.4294061362244957, -0.0008114603269480103, 0.8312741782553549, 0.5558620171391658, 0.1627121926494495, 0.0, 0.0, 0.0, 1.0], "fov": 75.0, "aspect": 1.7777777777777777}, {"camera_to_world": [-0.912727395918816, -0.22768185837175817, 0.339248687702162, 0.18454629873930617, 0.4085687649028942, -0.5075856229545362, 0.758569970217368, 0.42719432807109803, -0.0005148640402887483, 0.8309740108681123, 0.5563109995108692, 0.1628313903484625, 0.0, 0.0, 0.0, 1.0], "fov": 75.0, "aspect": 1.7777777777777777}, {"camera_to_world": [-0.9080510403569577, -0.23336941792690993, 0.34782470136996074, 0.18780373735789568, 0.41885946166000043, -0.5054409846290794, 0.7543779970512672, 0.42486583495801505, -0.00024389452997403138, 0.8307033922126732, 0.5567152006922533, 0.16295705558480428, 0.0, 0.0, 0.0, 1.0], "fov": 75.0, "aspect": 1.7777777777777777}, {"camera_to_world": [-0.9033395670807088, -0.23894385912024543, 0.3562070447579083, 0.1907576160228092, 0.4289261318064431, -0.5032275402415431, 0.7501895868352269, 0.4224186450755969, -2.220446049250313e-16, 0.8304624464304036, 0.5570746135562356, 0.16308929986773918, 0.0, 0.0, 0.0, 1.0], "fov": 75.0, "aspect": 1.7777777777777777}, {"camera_to_world": [-0.8982347336905927, -0.2448201368418318, 0.36501707328361743, 0.19358420187241593, 0.43951599871217173, -0.5007593009149656, 0.7456982026417913, 0.419560006154381, 0.00022375842605959484, 0.8302428699747457, 0.557401764249329, 0.16324628390421508, 0.0, 0.0, 0.0, 1.0], "fov": 75.0, "aspect": 1.7777777777777777}, {"camera_to_world": [-0.89235843527474, -0.2513866331281751, 0.3748348752164058, 0.19646076784704328, 0.45132719072094185, -0.4978399393535101, 0.7405802871400484, 0.4160139390112637, 0.0004357866000820054, 0.8300362374432662, 0.5577092922133046, 0.16344509990284534, 0.0, 0.0, 0.0, 1.0], "fov": 75.0, "aspect": 1.7777777777777777}, {"camera_to_world": [-0.8856839848893623, -0.2586036700442616, 0.38560085678086686, 0.19938367756566805, 0.4642881362232753, -0.49445490367284695, 0.7348134966072638, 0.4118035914661339, 0.0006367674750558383, 0.8298424489464941, 0.5579974054184018, 0.16368425662539224, 0.0, 0.0, 0.0, 1.0], "fov": 75.0, "aspect": 1.7777777777777777}, {"camera_to_world": [-0.8781827779850617, -0.2664299163277875, 0.3972532040600901, 0.2023492946472672, 0.47832449662601634, -0.49058854564487686, 0.7283739114009455, 0.40695211133888065, 0.0008272713627099082, 0.8296613637910424, 0.55826636747567, 0.16396226283361798, 0.0, 0.0, 0.0, 1.0], "fov": 75.0, "aspect": 1.7777777777777777}, {"camera_to_world": [-0.8698250698409661, -0.2748224315304174, 0.4097279329065425, 0.20535398271081756, 0.49335923249389924, -0.48622455659293784, 0.7212366797931399, 0.4014826464493931, 0.0010077644515487372, 0.8294928038830177, 0.5585164927887982, 0.16427762728928488, 0.0, 0.0, 0.0, 1.0], "fov": 75.0, "aspect": 1.7777777777777777}, {"camera_to_world": [-0.8605807321324704, -0.2837367202105594, 0.42295895437559405, 0.20839410537529596, 0.5093126881818417, -0.48134639234427645, 0.7133766440206295, 0.3954183446175602, 0.0011786175491704243, 0.8293365566410928, 0.5587481424392998, 0.16462885875415517, 0.0, 0.0, 0.0, 1.0], "fov": 75.0, "aspect": 1.7777777777777777}, {"camera_to_world": [-0.8504199856295107, -0.29312679966391475, 0.436878160773338, 0.21146602625967953, 0.5261027011276171, -0.47593768543272696, 0.7047689461455889, 0.38878235366327096, 0.0013401149684028613, 0.8291923774997755, 0.5589617206823214, 0.16501446598999112, 0.0, 0.0, 0.0, 1.0], "fov": 75.0, "aspect": 1.7777777777777777}, {"camera_to_world": [-0.8393141058110631, -0.30294528409499166, 0.4514155365416447, 0.21456610898294493, 0.5436447409285917, -0.4699826426358872, 0.6953896111401672, 0.3815978214064145, 0.001492463487175244, 0.8290599920787356, 0.5591576719380199, 0.165432957758555, 0.0, 0.0, 0.0, 1.0], "fov": 75.0, "aspect": 1.7777777777777777}, {"camera_to_world": [-0.827236097974384, -0.31314348754761967, 0.4664992973356226, 0.21769071716406924, 0.5618520822798087, -0.46346642582395736, 0.6852161044311567, 0.3738878956668795, 0.0016358013201621113, 0.8289390980889251, 0.5593364781717358, 0.16588284282160906, 0.0, 0.0, 0.0, 1.0], "fov": 75.0, "aspect": 1.7777777777777777}, {"camera_to_world": [-0.8141613382341062, -0.32367154732771464, 0.48205605978488975, 0.2208362144220292, 0.5806360148077822, -0.4563755140028377, 0.6742278609837948, 0.36567572426455547, 0.0017702070464314101, 0.8288293670407254, 0.5594986565648603, 0.16636262994091555, 0.0, 0.0, 0.0, 1.0], "fov": 75.0, "aspect": 1.7777777777777777}, {"camera_to_world": [-0.8000681766642419, -0.3344785690702291, 0.498011043574224, 0.22399896437580172, 0.5999060917999239, -0.44869804436209715, 0.6624067828811622, 0.3569844550193312, 0.0018957084419763126, 0.828730445813572, 0.559644757387346, 0.16687082787823676, 0.0, 0.0, 0.0, 1.0], "fov": 75.0, "aspect": 1.7777777777777777}, {"camera_to_world": [-0.7849384987501856, -0.3455127940280249, 0.514288306636222, 0.22717533064436385, 0.6195704188097223, -0.44042413009731396, 0.6497377022799045, 0.3478372357510956, 0.0020122911693999934, 0.8286419581405302, 0.5597753619920026, 0.16740594539533493, 0.0, 0.0, 0.0, 1.0], "fov": 75.0, "aspect": 1.7777777777777777}, {"camera_to_world": [-0.768758241300239, -0.35672178859765497, 0.530811013424414, 0.23036167684669234, 0.6395359821199194, -0.43154615277309394, 0.6362088066041303, 0.33825721427973776, 0.0021199072794880758, 0.8285635060551673, 0.5598910808601036, 0.16796649125397234, 0.0, 0.0, 0.0, 1.0], "fov": 75.0, "aspect": 1.7777777777777777}, {"camera_to_world": [-0.7515178590266385, -0.36805265555061606, 0.547501735436662, 0.23355436660176415, 0.659709016078347, -0.42205902703324993, 0.621812022885281, 0.3282675384251468, 0.002218483481185307, 0.8284946713418775, 0.5599925516372143, 0.1685509742159112, 0.0, 0.0, 0.0, 1.0], "fov": 75.0, "aspect": 1.7777777777777777}, {"camera_to_world": [-0.7332127381513467, -0.37945226591392606, 0.5642827823931824, 0.23674976352855612, 0.6799954073930934, -0.41196043555212913, 0.606543358272103, 0.31789135600721175, 0.0023079291378710343, 0.8284350170245623, 0.5600804371075707, 0.16915790304291384, 0.0, 0.0, 0.0, 1.0], "fov": 75.0, "aspect": 1.7777777777777777}, {"camera_to_world": [-0.7138435536262162, -0.3908675099466395, 0.5810765617493188, 0.23994423124604522, 0.7003011335952378, -0.4012510322582997, 0.5904031939250283, 0.3071518148458214, 0.0023881439489989442, 0.828384088922381, 0.5601554230646311, 0.16978578649674247, 0.0, 0.0, 0.0, 1.0], "fov": 75.0, "aspect": 1.7777777777777777}, {"camera_to_world": [-0.6934165668818832, -0.40224556519519145, 0.5978059635488292, 0.24313413337320822, 0.7205327320590151, -0.3899346120496503, 0.5733965297743443, 0.2960720627608652, 0.0024590252773374344, 0.8283414172951212, 0.5602182160446012, 0.17043313333915938, 0.0, 0.0, 0.0, 1.0], "fov": 75.0, "aspect": 1.7777777777777777}, {"camera_to_world": [-0.6719438614336704, -0.41353417918629987, 0.6143947670075994, 0.24631583352902223, 0.740597795221511, -0.378018245456737, 0.5555331779604594, 0.28467524757223156, 0.0025204750833781597, 0.8283065185947313, 0.5602695408986913, 0.17109845233192683, 0.0, 0.0, 0.0, 1.0], "fov": 75.0, "aspect": 1.7777777777777777}, {"camera_to_world": [-0.6494435141719814, -0.4246819639375248, 0.6307680646688721, 0.24948569533246392, 0.7604054869772481, -0.36551237699680394, 0.536827903184103, 0.2729845170998103, 0.002572406430104923, 0.8282788973336901, 0.5603101381885258, 0.17178025223680704, 0.0, 0.0, 0.0, 1.0], "fov": 75.0, "aspect": 1.7777777777777777}, {"camera_to_world": [-0.625939700742802, -0.4356386991382116, 0.6468526994974808, 0.25264008240251035, 0.7798670746473028, -0.35243088629081254, 0.5173005086691205, 0.2610230191634895, 0.00261474952335089, 0.8282580480752597, 0.5603407613974651, 0.17247704181556234, 0.0, 0.0, 0.0, 1.0], "fov": 75.0, "aspect": 1.7777777777777777}, {"camera_to_world": [-0.6014627340723091, -0.44635564058251054, 0.6625777098895187, 0.25577535835813836, 0.7988964704467926, -0.33879111138514206, 0.49697586697351515, 0.2488139015831588, 0.00264745725548049, 0.8282434575453022, 0.5603621739584888, 0.17318732982995494, 0.0, 0.0, 0.0, 1.0], "fov": 75.0, "aspect": 1.7777777777777777}, {"camera_to_world": [-0.5760490357974983, -0.456785830226077, 0.6778747772719136, 0.25888788681832475, 0.8174107760067277, -0.32461383412239775, 0.47588389546656873, 0.23638031217870722, 0.0026705102231858735, 0.8282346068602968, 0.5603751461067108, 0.17390962504174706, 0.0, 0.0, 0.0, 1.0], "fov": 75.0, "aspect": 1.7777777777777777}, {"camera_to_world": [-0.5497410411196136, -0.46688440409247284, 0.6926786707586284, 0.26197403140204656, 0.8353308232525298, -0.30992322783490533, 0.45405947691094894, 0.22374539877002367, 0.002683921193797345, 0.8282309738615252, 0.5603804515714438, 0.1746424362127011, 0.0, 0.0, 0.0, 1.0], "fov": 75.0, "aspect": 1.7777777777777777}, {"camera_to_world": [-0.5225870383849439, -0.476608894176909, 0.7069276832205095, 0.2650301557282807, 0.8525817048067171, -0.29474676808210554, 0.4315423262369815, 0.210932309176997, 0.002687738998677136, 0.8282320355411383, 0.5603788641289549, 0.17538427210457921, 0.0, 0.0, 0.0, 1.0], "fov": 75.0, "aspect": 1.7777777777777777}, {"camera_to_world": [-0.49464094550300053, -0.4859195204852703, 0.7205640531162116, 0.2680526234160038, 0.8690932870698297, -0.2791151076105459, 0.40837680525920167, 0.19796419121951667, 0.0026820518369646273, 0.828237270542034, 0.5603711540425912, 0.17613364147914365, 0.0, 0.0, 0.0, 1.0], "fov": 75.0, "aspect": 1.7777777777777777}, {"camera_to_world": [-0.46596202611926985, -0.49477946940561524, 0.733534366522471, 0.27103779808419315, 0.8848006992420844, -0.2630619171736075, 0.3846116877496896, 0.18486419271747107, 0.002666989978139356, 0.8282461617101791, 0.5603580844217495, 0.17688905309815675, 0.0, 0.0, 0.0, 1.0], "fov": 75.0, "aspect": 1.7777777777777777}, {"camera_to_world": [-0.43661454925226917, -0.5031551547365041, 0.7457899339916854, 0.2739820433518253, 0.8996447917765706, -0.24662369429818554, 0.3602998779350418, 0.17165546149074978, 0.0026427278574799318, 0.8282581986752681, 0.5603404075351621, 0.1776490157233807, 0.0, 0.0, 0.0, 1.0], "fov": 75.0, "aspect": 1.7777777777777777}, {"camera_to_world": [-0.4066673968661447, -0.5110164578892109, 0.7572871371497589, 0.2768817228378774, 0.9135725580988092, -0.2298395425180524, 0.3354980861106214, 0.15836114535924142, 0.002609485564447067, 0.8282728804334092, 0.560318861117161, 0.1784120381165778, 0.0, 0.0, 0.0, 1.0], "fov": 75.0, "aspect": 1.7777777777777777}, {"camera_to_world": [-0.37619362456480276, -0.5183369440353601, 0.7679877403219927, 0.2797332001613262, 0.9265375138805126, -0.21275092399969198, 0.3102664656539545, 0.1450043921428354, 0.0025675297302165667, 0.8282897179039237, 0.5602941647078998, 0.17917662903951032, 0.0, 0.0, 0.0, 1.0], "fov": 75.0, "aspect": 1.7777777777777777}, {"camera_to_world": [-0.3452699812463884, -0.5250940512828622, 0.7778591629321273, 0.2825328389411486, 0.9385000287086006, -0.19540138885740832, 0.2846682162563149, 0.13160834966142057, 0.0025171738269043065, 0.82830823643131, 0.560267016069997, 0.17994129725394042, 0.0, 0.0, 0.0, 1.0], "fov": 75.0, "aspect": 1.7777777777777777}, {"camera_to_world": [-0.3139763941341964, -0.5312692503249054, 0.7868747089503515, 0.2852770027963215, 0.9494276056328564, -0.17783628478279345, 0.2587691586663954, 0.11819616573488592, 0.0024587778973702568, 0.8283279782029978, 0.5602380877246615, 0.1807045515216305, 0.0, 0.0, 0.0, 1.0], "fov": 75.0, "aspect": 1.7777777777777777}, {"camera_to_world": [-0.28239542608951973, -0.5368481724119535, 0.7950137502594936, 0.28796205534582187, 0.9592951047941235, -0.16010245089222286, 0.23263728664239403, 0.10479098818312038, 0.0023927477407174047, 0.8283485045536385, 0.560208023650144, 0.18146490060434278, 0.0, 0.0, 0.0, 1.0], "fov": 75.0, "aspect": 1.7777777777777777}, {"camera_to_world": [-0.25061171250324, -0.5418207039369081, 0.8022618614526723, 0.2905843602086266, 0.9680849081150595, -0.14224789991910536, 0.20634230213037003, 0.09141596482601302, 0.00231953358459569, 0.8283693981273799, 0.560177436184315, 0.18222085326383952, 0.0, 0.0, 0.0, 1.0], "fov": 75.0, "aspect": 1.7777777777777777}, {"camera_to_world": [-0.21871138534807277, -0.5461810463898042, 0.8086109042572114, 0.2931402810037126, 0.9757870228611822, -0.12432149304060336, 0.17995513992066398, 0.07809424348345288, 0.0022396282810769885, 0.8283902648707875, 0.5601469031713637, 0.18297091826188297, 0.0, 0.0, 0.0, 1.0], "fov": 75.0, "aspect": 1.7777777777777777}, {"camera_to_world": [-0.18678149214628537, -0.5499277409210241, 0.8140590604846223, 0.2956261813500566, 0.9823991227342912, -0.10637261172799894, 0.15354748817567654, 0.06484897197532935, 0.0021535650680428176, 0.8284107358307612, 0.5601169653901178, 0.18371360436023534, 0.0, 0.0, 0.0, 1.0], "fov": 75.0, "aspect": 1.7777777777777777}, {"camera_to_world": [-0.15490941766526567, -0.5530636572410819, 0.8186108131204524, 0.2980384248666356, 0.9879265260257861, -0.08845083104406104, 0.1271913112686449, 0.05170329812153072, 0.002061914942632803, 0.8284304687339396, 0.560088124298342, 0.18444742032065894, 0.0, 0.0, 0.0, 1.0], "fov": 75.0, "aspect": 1.7777777777777777}, {"camera_to_world": [-0.123182316094548, -0.5555959470704515, 0.8222768758760466, 0.3003733751724265, 0.9923821112160238, -0.07060559877906813, 0.1009583813235781, 0.038680369741946885, 0.0019652836972365306, 0.8284491493265822, 0.5600608401236886, 0.18517087490491607, 0.0, 0.0, 0.0, 1.0], "fov": 75.0, "aspect": 1.7777777777777777}, {"camera_to_world": [-0.09168656128445829, -0.5575359628247055, 0.8250740722122831, 0.3026273958864063, 0.9957861712400949, -0.052885924720492694, 0.07491982470248099, 0.025803334656466025, 0.0018643086716933488, 0.828466492456748, 0.5600355303278443, 0.18588247687476891, 0.0, 0.0, 0.0, 1.0], "fov": 75.0, "aspect": 1.7777777777777777}, {"camera_to_world": [-0.0605072223426496, -0.558899142668686, 0.8270251654989618, 0.30479685062755174, 0.9981662084330851, -0.03534008419211554, 0.04914568945099246, 0.013095340684977464, 0.0017596552777103258, 0.8284822428836374, 0.5600125684659243, 0.18658073499197975, 0.0, 0.0, 0.0, 1.0], "fov": 75.0, "aspect": 1.7777777777777777}, {"camera_to_world": [-0.029727571496563354, -0.5597048634894256, 0.8281586425795486, 0.3068781030148397, 0.9995566729029418, -0.01801533977997416, 0.023704539392568558, 0.0005795356473706104, 0.0016520133529953074, 0.8284961758022157, 0.5599922834584292, 0.18726415801831092, 0.0, 0.0, 0.0, 1.0], "fov": 75.0, "aspect": 1.7777777777777777}, {"camera_to_world": [0.0005713693540692066, -0.5599762637126232, 0.8285084535570606, 0.30886751666724727, 0.9999986477415842, -0.0009576848899104373, -0.0013369198384647896, -0.011720932636466097, 0.0015420934031615263, 0.8285080970745562, 0.5599749592882111, 0.18793125471552458, 0.0, 0.0, 0.0, 1.0], "fov": 75.0, "aspect": 1.7777777777777777}, {"camera_to_world": [0.03031123754025178, -0.5597400382141072, 0.8281137110921712, 0.3107614552037512, 0.9995394850616025, 0.015788387539811377, -0.025914178005080002, -0.023782916346643514, 0.0014306227890962253, 0.828517843162694, 0.5599608351299874, 0.18858053384538304, 0.0, 0.0, 0.0, 1.0], "fov": 75.0, "aspect": 1.7777777777777777}, {"camera_to_world": [0.0594166887715355, -0.5590262078494448, 0.827018352899678, 0.3125562822433283, 0.9982323973254017, 0.0321800882106591, -0.04996521642838869, -0.035583267663272, 0.001318341916193122, 0.8285252807610785, 0.5599501059151326, 0.18921050416964857, 0.0, 0.0, 0.0, 1.0], "fov": 75.0, "aspect": 1.7777777777777777}, {"camera_to_world": [0.08781570202291933, -0.5578678663362933, 0.8252707714366319, 0.3142483614049557, 0.996136008806561, 0.048176503958797134, -0.07343075939443239, -0.04709883876646339, 0.0012060004796292656, 0.8285303061298963, 0.559942923329819, 0.1898196744500834, 0.0, 0.0, 0.0, 1.0], "fov": 75.0, "aspect": 1.7777777777777777}, {"camera_to_world": [0.11543982640814743, -0.556300907371221, 0.8229234149887907, 0.3158340563076101, 0.9933138722823621, 0.06373873743638125, -0.09625447772148377, -0.05830648183632814, 0.0010943538167833555, 0.8285328441335158, 0.5599393972402291, 0.19040655344844984, 0.0, 0.0, 0.0, 1.0], "fov": 75.0, "aspect": 1.7777777777777777}, {"camera_to_world": [0.1422243670740806, -0.5543637349426942, 0.8200323644776244, 0.31730973057026846, 0.9898339561970104, 0.07883001228782605, -0.1183831420518821, -0.06918304905297741, 0.0009841594139466392, 0.8285328469910458, 0.5599395975345558, 0.19096964992651005, 0.0, 0.0, 0.0, 1.0], "fov": 75.0, "aspect": 1.7777777777777777}, {"camera_to_world": [0.16810850795882815, -0.5520969598133542, 0.8166568903258629, 0.31867174781190777, 0.9857681075545416, 0.09341574258662921, -0.13976672409885882, -0.07970539259652223, 0.0008761736097737671, 0.8285302927484549, 0.55994355636793, 0.19150747264602644, 0.0, 0.0, 0.0, 1.0], "fov": 75.0, "aspect": 1.7777777777777777}, {"camera_to_world": [0.19303537007221738, -0.5495430850873577, 0.8128589936352744, 0.3199164716515047, 0.9811914956984813, 0.10746356575995375, -0.16035844475154137, -0.08985036464707319, 0.0007711485324784495, 0.8285251834837762, 0.559951270793375, 0.1920185303687611, 0.0, 0.0, 0.0, 1.0], "fov": 75.0, "aspect": 1.7777777777777777}, {"camera_to_world": [0.21695200476872856, -0.5467461836535616, 0.8087029357477906, 0.3210402657080364, 0.9761820419140765, 0.12094333868746376, -0.18011476861044262, -0.09959481738474212, 0.000669829301712499, 0.8285175432586779, 0.5599627057593312, 0.19250133185647647, 0.0, 0.0, 0.0, 1.0], "fov": 75.0, "aspect": 1.7777777777777777}, {"camera_to_world": [0.23980932227954588, -0.5437515701050059, 0.8042547599835301, 0.3220394936004796, 0.9708198394523987, 0.13382709711190977, -0.19899534518228856, -0.10891560298963907, 0.0005729515194255463, 0.8285074158309871, 0.5599777974523776, 0.19295438587093466, 0.0, 0.0, 0.0, 1.0], "fov": 75.0, "aspect": 1.7777777777777777}, {"camera_to_world": [0.2615619565428837, -0.5406054694828473, 0.799581