{"default_fov": 75.0, "default_transition_sec": 2.0, "keyframes": [{"matrix": [-0.8502928800879614, 0.043806175075801645, -0.5244835908748221, -0.3261903194036539, -0.5263098118710305, -0.07077215345544086, 0.8473424834289615, 0.5269848668724987, 1.1102230246251565e-16, 0.9965301406984676, 0.08323267795458866, 0.051764620055212575, 0.0, 0.0, 0.0, 1.0], "fov": 75.0, "aspect": 1.7777777777777777, "override_transition_enabled": false, "override_transition_sec": null}, {"matrix": [-0.9939334959807071, 0.010306825649616616, -0.10949874388594237, -0.06810018628586423, -0.10998275122750292, -0.09314459891257343, 0.9895594363785561, 0.6154333791126355, 0.0, 0.9955992431889674, 0.09371310987026127, 0.05828267990215531, 0.0, 0.0, 0.0, 1.0], "fov": 75.0, "aspect": 1.7777777777777777, "override_transition_enabled": false, "override_transition_sec": null}, {"matrix": [-0.8229481804014434, -0.033950686797671104, 0.567101087320348, 0.2857224263206791, 0.5681164426189006, -0.04917945306199312, 0.8214773819300013, 0.413884783472496, -2.220446049250313e-16, 0.9982127690339823, 0.059760084818466286, 0.030108911467871185, 0.0, 0.0, 0.0, 1.0], "fov": 75.0, "aspect": 1.7777777777777777, "override_transition_enabled": false, "override_transition_sec": null}, {"matrix": [0.226589097895259, -0.24688157307424502, 0.9421819726525227, 0.4746993530446427, 0.9739904417985901, 0.05743451940509253, -0.21918917688994904, -0.11043403873576325, -2.7755575615628914e-16, 0.9673421136583957, 0.25347432837056233, 0.12770791968369247, 0.0, 0.0, 0.0, 1.0], "fov": 75.0, "aspect": 1.7777777777777777, "override_transition_enabled": false, "override_transition_sec": null}, {"matrix": [0.9203053019177625, -0.07011296298188466, 0.3848666310346442, 0.1939072770053893, 0.39120090907621374, 0.16494167080992528, -0.9054038292211792, -0.45616942846553965, -1.6653345369377348e-16, 0.9838081203427482, 0.17922494901008865, 0.09029886987226934, 0.0, 0.0, 0.0, 1.0], "fov": 75.0, "aspect": 1.7777777777777777, "override_transition_enabled": false, "override_transition_sec": null}, {"matrix": [0.9998161513726833, 0.0022015414701661937, -0.019047747096985687, -0.009596822573925226, -0.019174552258542782, 0.11479468673425099, -0.9932041665454642, -0.5004058546917826, 2.7755575615628914e-17, 0.9933867993449182, 0.11481579546064069, 0.05784761904436566, 0.0, 0.0, 0.0, 1.0], "fov": 75.0, "aspect": 1.7777777777777777, "override_transition_enabled": false, "override_transition_sec": null}, {"matrix": [0.8014526845711579, -0.03480062633160663, -0.5970448147338792, -0.3131555688680924, -0.5980581864615551, -0.04663602309876062, -0.8000946737454561, -0.4196571120323164, -5.551115123125783e-17, 0.9983055633203993, -0.05818936538183117, -0.030520864378234043, 0.0, 0.0, 0.0, 1.0], "fov": 75.0, "aspect": 1.7777777777777777, "override_transition_enabled": false, "override_transition_sec": null}, {"matrix": [-0.31340828637878393, 0.03326282701961902, -0.9490357371394278, -0.4947254694665034, -0.9496184739299853, -0.010977930508438094, 0.3132159622570946, 0.21443937650538275, 3.3306690738754696e-16, 0.9993863464048399, 0.03502756942160268, 0.029742338129120804, 0.0, 0.0, 0.0, 1.0], "fov": 75.0, "aspect": 1.7777777777777777, "override_transition_enabled": false, "override_transition_sec": null}], "camera_type": "perspective", "render_height": 1080.0, "render_width": 1920.0, "fps": 30.0, "seconds": 14.0, "is_cycle": false, "smoothness_value": 0.0, "camera_path": [{"camera_to_world": [-0.8502928800879614, 0.043806175075801645, -0.5244835908748221, -0.3261903194036539, -0.5263098118710305, -0.07077215345544086, 0.8473424834289615, 0.5269848668724987, 1.1102230246251565e-16, 0.9965301406984676, 0.08323267795458866, 0.051764620055212575, 0.0, 0.0, 0.0, 1.0], "fov": 75.0, "aspect": 1.7777777777777777}, {"camera_to_world": [-0.8560415805297683, 0.04310829559482257, -0.5151062873378719, -0.3210131276106596, -0.5169069636380093, -0.07150250272959213, 0.8530501644369684, 0.5294314346588885, -5.785007064529335e-05, 0.9965084379744682, 0.08349209363200316, 0.05197265999060284, 0.0, 0.0, 0.0, 1.0], "fov": 75.0, "aspect": 1.7777777777777777}, {"camera_to_world": [-0.8616056051177201, 0.04241365499514982, -0.5058031861304153, -0.3158373957058137, -0.5075783369233049, -0.07222129567862223, 0.8585734193047634, 0.5318763812850965, -0.00011452466631561853, 0.9964864105046558, 0.08375452563084218, 0.05218053420395152, 0.0, 0.0, 0.0, 1.0], "fov": 75.0, "aspect": 1.7777777777777777}, {"camera_to_world": [-0.8669896828270607, 0.041722396806911866, -0.4965764105111313, -0.3106645835772647, -0.49832605891929743, -0.07292857321680268, 0.8639169880321388, 0.5343180855909408, -0.0001699217287890742, 0.9964640810451967, 0.08401967813172118, 0.05238807697321705, 0.0, 0.0, 0.0, 1.0], "fov": 75.0, "aspect": 1.7777777777777777}, {"camera_to_world": [-0.872198476336154, 0.04103465841278353, -0.48742791742557895, -0.305496151113161, -0.48915209058657927, -0.07362437165407598, 0.8690855447959775, 0.5367549264162398, -0.00022394568492228872, 0.9964414727958126, 0.0842872537270114, 0.05259512257635783, 0.0, 0.0, 0.0, 1.0], "fov": 75.0, "aspect": 1.7777777777777777}, {"camera_to_world": [-0.8772365799238344, 0.0403505712100416, -0.47835950314230924, -0.30033355820165086, -0.48005823228780653, -0.07430872261267085, 0.8740836958531941, 0.5391852826008116, -0.00027650721507632703, 0.9964186093940117, 0.08455695357014448, 0.0528015052913323, 0.0, 0.0, 0.0, 1.0], "fov": 75.0, "aspect": 1.7777777777777777}, {"camera_to_world": [-0.8821085175860717, 0.03967026076912214, -0.46937280876997167, -0.295178264730883, -0.47104612930239753, -0.07498165295213244, 0.8789159776621395, 0.5416075329844742, -0.0003275230243527105, 0.9963955149091527, 0.08482847751547096, 0.05300705939609886, 0.0, 0.0, 0.0, 1.0], "fov": 75.0, "aspect": 1.7777777777777777}, {"camera_to_world": [-0.8868187413611276, 0.038993846988648245, -0.4604693256533946, -0.2900317305890056, -0.46211727722006224, -0.0756431847024176, 0.8835868552116382, 0.544020056407046, -0.00037691561689381925, 0.9963722138363265, 0.08510152424907469, 0.05321161916861594, 0.0, 0.0, 0.0, 1.0], "fov": 75.0, "aspect": 1.7777777777777777}, {"camera_to_world": [-0.8913716298526833, 0.0383214442469067, -0.4516504006470077, -0.28489541566416726, -0.45327302721153523, -0.07629333500469948, 0.8881007205471414, 0.5464212317083452, -0.00042461307348390376, 0.9963487310900196, 0.08537579141094898, 0.05341501888684197, 0.0, 0.0, 0.0, 1.0], "fov": 75.0, "aspect": 1.7777777777777777}, {"camera_to_world": [-0.8957714869407624, 0.03765316154977752, -0.4429172412643724, -0.27977077984451626, -0.44451459117528636, -0.07693211605955408, 0.8924618914838142, 0.5488094377281899, -0.00047054883266808845, 0.9963250919975396, 0.08565097570892233, 0.05361709282873535, 0.0, 0.0, 0.0, 1.0], "fov": 75.0, "aspect": 1.7777777777777777}, {"camera_to_world": [-0.9000225406705827, 0.03698910267512606, -0.43427092070291623, -0.2746592830182012, -0.4358430467593066, -0.0775595350821896, 0.8966746104966951, 0.5511830533063984, -0.000514661475591649, 0.9963013222921687, 0.08592677302472096, 0.05381767527225449, 0.0, 0.0, 0.0, 1.0], "fov": 75.0, "aspect": 1.7777777777777777}, {"camera_to_world": [-0.9041289423098099, 0.03632936631368275, -0.42571238274331447, -0.26956238507337027, -0.42725934225742035, -0.07817559426440002, 0.9007430437783931, 0.5535404572827887, -0.0005568945147455817, 0.9962774481060254, 0.08620287851252606, 0.05401660049535785, 0.0, 0.0, 0.0, 1.0], "fov": 75.0, "aspect": 1.7777777777777777}, {"camera_to_world": [-0.9080947655649986, 0.03567404620645229, -0.4172424465232546, -0.2644815458981722, -0.418764301379864, -0.07878029074293902, 0.9046712804551126, 0.5558800284971792, -0.0005971961867910214, 0.996253495962608, 0.08647898669038923, 0.05421370277600381, 0.0, 0.0, 0.0, 1.0], "fov": 75.0, "aspect": 1.7777777777777777}, {"camera_to_world": [-0.9119240059483171, 0.035023231278700606, -0.4088618111856043, -0.2594182253807551, -0.4103586278981562, -0.07937361657400466, 0.9084633319520968, 0.5582001457893881, -0.0006355192496219353, 0.9962294927689913, 0.08675479152485921, 0.054408816392150824, 0.0, 0.0, 0.0, 1.0], "fov": 75.0, "aspect": 1.7777777777777777}, {"camera_to_world": [-0.9156205802859905, 0.034377005770581615, -0.4005710604012662, -0.2543738834092676, -0.40204291016454935, -0.07995555871355364, 0.9121231314999216, 0.5604991879992334, -0.0006718207838101453, 0.9962054658076578, 0.08702998650914306, 0.05460177562175729, 0.0, 0.0, 0.0, 1.0], "fov": 75.0, "aspect": 1.7777777777777777}, {"camera_to_world": [-0.9191883263601685, 0.033735449364475256, -0.3923706667672418, -0.24934997987185809, -0.39381762550658794, -0.0805260990031541, 0.915654533773348, 0.5627755339665333, -0.0007060619985694849, 0.9961814427279357, 0.08730426473513764, 0.054792414742781625, 0.0, 0.0, 0.0, 1.0], "fov": 75.0, "aspect": 1.7777777777777777}, {"camera_to_world": [-0.9226310026762568, 0.033098637309117135, -0.3842609960806379, -0.24434797465667493, -0.3856831444975146, -0.08108521416110848, 0.919061314654771, 0.5650275625311062, -0.0007382080423607718, 0.996157451537018, 0.08757731895964582, 0.05498056803318226, 0.0, 0.0, 0.0, 1.0], "fov": 75.0, "aspect": 1.7777777777777777}, {"camera_to_world": [-0.9259522883480483, 0.03246664054061027, -0.3762423114895767, -0.23936932765186664, -0.3776397351034874, -0.08163287577858358, 0.9223471711145897, 0.5672536525327703, -0.0007682278182496449, 0.9961335205905507, 0.08784884166506768, 0.05516606977091761, 0.0, 0.0, 0.0, 1.0], "fov": 75.0, "aspect": 1.7777777777777777}, {"camera_to_world": [-0.9291557830932529, 0.031839525800414936, -0.36831477752211944, -0.23441549874558154, -0.3696875667087259, -0.08216905032048949, 0.9255157212011096, 0.5694521828113436, -0.0007960938041225996, 0.9961096785827519, 0.08811852511487861, 0.0553487542339461, 0.0, 0.0, 0.0, 1.0], "fov": 75.0, "aspect": 1.7777777777777777}, {"camera_to_world": [-0.9322450073323565, 0.031217355750422476, -0.36047846399451766, -0.2294879478259682, -0.36182671401990263, -0.08269369913086522, 0.9285705041328923, 0.5716215322066442, -0.000821781877853367, 0.996085954536056, 0.08838606140415839, 0.055528455700226145, 0.0, 0.0, 0.0, 1.0], "fov": 75.0, "aspect": 1.7777777777777777}, {"camera_to_world": [-0.9352234023839733, 0.03060018908522502, -0.35273334980023296, -0.2245881347811749, -0.35405716085122785, -0.08320677844252966, 0.9315149804867251, 0.5737600795584906, -0.0008452711475057939, 0.9960623777902489, 0.08865114250545736, 0.05570500844771616, 0.0, 0.0, 0.0, 1.0], "fov": 75.0, "aspect": 1.7777777777777777}, {"camera_to_world": [-0.9380943307501703, 0.02998808064169578, -0.34507932658132046, -0.21971751949935014, -0.346378803791826, -0.08370823939076866, 0.9343525324746768, 0.5758662037067008, -0.0008665437866511028, 0.9960389779910851, 0.08891346031024128, 0.05587824675437457, 0.0, 0.0, 0.0, 1.0], "fov": 75.0, "aspect": 1.7777777777777777}, {"camera_to_world": [-0.9408610764854732, 0.029381081506007267, -0.33751620228388285, -0.21487756186864235, -0.3387914557571176, -0.0841980280308422, 0.9370864643039569, 0.5779382834910931, -0.0008855848748709483, 0.9960157850783569, 0.08917270666619037, 0.056048004898159795, 0.0, 0.0, 0.0, 1.0], "fov": 75.0, "aspect": 1.7777777777777777}, {"camera_to_world": [-0.9435268456435484, 0.02877923911821212, -0.3300437045994258, -0.21006972177719993, -0.33129484942604054, -0.08467608535908777, 0.9397200026135647, 0.5799746977514856, -0.0009023822435078321, 0.9959928292734027, 0.08942857341056776, 0.056214117157030265, 0.0, 0.0, 0.0, 1.0], "fov": 75.0, "aspect": 1.7777777777777777}, {"camera_to_world": [-0.9460947667957983, 0.02818259737451964, -0.32266148429403474, -0.20529545911317132, -0.3238886405660366, -0.08514234733743042, 0.9422562969819608, 0.5819738253276965, -0.0009169263267251315, 0.9959701410660351, 0.08968075239990625, 0.05637641780894438, 0.0, 0.0, 0.0, 1.0], "fov": 75.0, "aspect": 1.7777777777777777}, {"camera_to_world": [-0.9485678916163484, 0.027591196727407424, -0.3153691184273837, -0.20055623376470497, -0.3165724112478191, -0.0855967449210816, 0.9446984205002446, 0.583934045059544, -0.0009292100179218166, 0.9959477512008673, 0.08992893553622094, 0.05653474113186058, 0.0, 0.0, 0.0, 1.0], "fov": 75.0, "aspect": 1.7777777777777777}, {"camera_to_world": [-0.9509491955281478, 0.027005074283702774, -0.3081661134636643, -0.19585350561994924, -0.3093456729520131, -0.08603920408925136, 0.9470493704055529, 0.5858537357868465, -0.0009392285315557025, 0.9959256906630232, 0.09017281478996697, 0.05668892140373727, 0.0, 0.0, 0.0, 1.0], "fov": 75.0, "aspect": 1.7777777777777777}, {"camera_to_world": [-0.9532415784051427, 0.026424263900783285, -0.3010519082765859, -0.19118873456705265, -0.302207869569827, -0.08646964587868655, 0.9493120687696333, 0.5877312763494217, -0.0009469792704119018, 0.9959039906632146, 0.09041208221993957, 0.05683879290253287, 0.0, 0.0, 0.0, 1.0], "fov": 75.0, "aspect": 1.7777777777777777}, {"camera_to_world": [-0.9554478653256866, 0.025848796281037145, -0.29402587705065913, -0.18656338049416354, -0.2951583802999688, -0.08688798641985174, 0.9514893632377621, 0.5895650455870883, -0.0009524616983560552, 0.9958826826221674, 0.09064642999030981, 0.056984189906205795, 0.0, 0.0, 0.0, 1.0], "fov": 75.0, "aspect": 1.7777777777777777}, {"camera_to_world": [-0.9575708073725918, 0.025278699064735066, -0.28708733208102116, -0.18197890328943037, -0.2881965224440743, -0.08729413697559318, 0.9535840278134011, 0.5913534223396643, -0.0009556772186052331, 0.9958617981543834, 0.09087555038497852, 0.05712494669271447, 0.0, 0.0, 0.0, 1.0], "fov": 75.0, "aspect": 1.7777777777777777}, {"camera_to_world": [-0.9596130824754081, 0.024713996921461923, -0.28023552647409367, -0.17743676284100157, -0.28132155410293885, -0.08768800398211085, 0.955598763684184, 0.5930947854469679, -0.0009566290575454273, 0.9958413690512157, 0.09109913581942974, 0.05726089754001733, 0.0, 0.0, 0.0, 1.0], "fov": 75.0, "aspect": 1.7777777777777777}, {"camera_to_world": [-0.961577296290758, 0.024154711640260007, -0.27346965675140733, -0.17293841903702556, -0.2745326767758959, -0.08806948909209578, 0.9575362000850512, 0.5947875137488172, -0.0009553221541224455, 0.9958214272632587, 0.09131687885023576, 0.05739187672607278, 0.0, 0.0, 0.0, 1.0], "fov": 75.0, "aspect": 1.7777777777777777}, {"camera_to_world": [-0.9634659831166961, 0.023600862218638594, -0.2667888653589499, -0.16848533176565078, -0.26782903786569995, -0.0884384892198673, 0.9593988951945074, 0.5964299860850304, -0.0009517630548284139, 0.9958020048820171, 0.09152847218239324, 0.05751771852883923, 0.0, 0.0, 0.0, 1.0], "fov": 75.0, "aspect": 1.7777777777777777}, {"camera_to_world": [-0.9652816068373075, 0.023052464950600315, -0.26019224308439204, -0.16407896091502566, -0.26120973309127615, -0.08879489658836903, 0.9611893370602096, 0.5980205812954259, -0.0009459598143031211, 0.9957831341208598, 0.09173360867461566, 0.057638257226275136, 0.0, 0.0, 0.0, 1.0], "fov": 75.0, "aspect": 1.7777777777777777}, {"camera_to_world": [-0.9670265618938999, 0.022509533513841884, -0.2536788313845929, -0.15972076637329863, -0.25467380881074136, -0.08913859877789643, 0.9629099445502384, 0.5995576782198218, -0.0009379219015716311, 0.9957648472952348, 0.09193198134275216, 0.05775332709633888, 0.0, 0.0, 0.0, 1.0], "fov": 75.0, "aspect": 1.7777777777777777}, {"camera_to_world": [-0.9687031742793366, 0.021972079056283803, -0.24724762462576383, -0.15541220802861808, -0.24822026425708066, -0.08946947877640465, 0.9645630683265993, 0.601039655698036, -0.0009276601119274502, 0.9957471768021355, 0.0921232833614486, 0.057862762416988886, 0.0, 0.0, 0.0, 1.0], "fov": 75.0, "aspect": 1.7777777777777777}, {"camera_to_world": [-0.9703137025522236, 0.021440110282081037, -0.24089757223867375, -0.1511547457691324, -0.24184805368886775, -0.08978741503127563, 0.9661509918376672, 0.6024648925698871, -0.0009151864844789553, 0.9957301550988067, 0.09230720806418635, 0.05796639746618361, 0.0, 0.0, 0.0, 1.0], "fov": 75.0, "aspect": 1.7777777777777777}, {"camera_to_world": [-0.9718603388678301, 0.020913633537273962, -0.23462758079129498, -0.14694983948299012, -0.23555608845843265, -0.09009228150243309, 0.9676759323264426, 0.6038317676751931, -0.0009005142253690479, 0.9957138146806819, 0.09248344894182359, 0.05806406652188142, 0.0, 0.0, 0.0, 1.0], "fov": 75.0, "aspect": 1.7777777777777777}, {"camera_to_world": [-0.973345210022757, 0.020392652895229693, -0.22843651598124512, -0.14279894905833965, -0.2293432389998365, -0.09038394771666203, 0.9691400418516488, 0.6051386598537724, -0.0008836576366762494, 0.9956981880585333, 0.09265169963975173, 0.05815560386204077, 0.0, 0.0, 0.0, 1.0], "fov": 75.0, "aspect": 1.7777777777777777}, {"camera_to_world": [-0.9747703785105528, 0.019877170242031908, -0.22232320455040985, -0.13870353438332933, -0.223208336739044, -0.090662278823051, 0.970545408318849, 0.6063839479454428, -0.0008646320510073136, 0.9956833077348344, 0.09281165395377722, 0.05824084376462006, 0.0, 0.0, 0.0, 1.0], "fov": 75.0, "aspect": 1.7777777777777777}, {"camera_to_world": [-0.9761378435855776, 0.019367185361968617, -0.21628643612407428, -0.13466505534610768, -0.2171501759286254, -0.09092713564942356, 0.9718940565188977, 0.6075660107900227, -0.0008434537717870033, 0.9956692061793145, 0.09296300582483552, 0.05831962050757774, 0.0, 0.0, 0.0, 1.0], "fov": 75.0, "aspect": 1.7777777777777777}, {"camera_to_world": [-0.9774495423325951, 0.01886269602327223, -0.21032496497690178, -0.13068497183482308, -0.21116751540933124, -0.09117837475967328, 0.9731879491711942, 0.6086832272273304, -0.0008201400192511116, 0.9956559158037072, 0.09310544933262777, 0.05839176836887221, 0.0, 0.0, 0.0, 1.0], "fov": 75.0, "aspect": 1.7777777777777777}, {"camera_to_world": [-0.9787073507396613, 0.01836369806426255, -0.2044375117280533, -0.12676474373762395, -0.20525908030083828, -0.09141584851189288, 0.9744289879693157, 0.6097339760971839, -0.0007947088821466247, 0.9956434689356705, 0.09323867868828584, 0.05845712162646187, 0.0, 0.0, 0.0, 1.0], "fov": 75.0, "aspect": 1.7777777777777777}, {"camera_to_world": [-0.9799130847720534, 0.01787018548004217, -0.19862276496773482, -0.12290583094265876, -0.19942356362395824, -0.09163940511721813, 0.9756190146267567, 0.6107166362394016, -0.0007671792751441087, 0.9956318977918854, 0.09336238822613996, 0.05851551455830517, 0.0, 0.0, 0.0, 1.0], "fov": 75.0, "aspect": 1.7777777777777777}, {"camera_to_world": [-0.9810685014450437, 0.017382150509893002, -0.1928793828174163, -0.11910969333807589, -0.1936596278565581, -0.09184888869927832, 0.9767598119206005, 0.6116295864938015, -0.0007375709019637189, 0.9956212344503099, 0.09347627239468637, 0.058566781442360515, 0.0, 0.0, 0.0, 1.0], "fov": 75.0, "aspect": 1.7777777777777777}, {"camera_to_world": [-0.982175299893505, 0.016899583725519488, -0.18720599442594388, -0.11537779081202379, -0.18796590642541694, -0.09204413935418887, 0.9778531047310826, 0.6124712057002019, -0.0007059042242190394, 0.9956115108215906, 0.09358002574682012, 0.05861075655658634, 0.0, 0.0, 0.0, 1.0], "fov": 75.0, "aspect": 1.7777777777777777}, {"camera_to_world": [-0.9832351224363811, 0.01642247412028687, -0.1816012014037464, -0.11171158325265089, -0.18234100513622664, -0.09222499321099376, 0.9789005610750987, 0.613239872698421, -0.0006722004359786538, 0.9956027586196219, 0.09367334292942209, 0.05864727417894104, 0.0, 0.0, 0.0, 1.0], "fov": 75.0, "aspect": 1.7777777777777777}, {"camera_to_world": [-0.9842495556342064, 0.01595080919959213, -0.17606357919724724, -0.10811253054810559, -0.17678350354385028, -0.09239128249248307, 0.9799037931318337, 0.613933966328277, -0.0006364814440480704, 0.9955950093312402, 0.09375591867236444, 0.05867616858738306, 0.0, 0.0, 0.0, 1.0], "fov": 75.0, "aspect": 1.7777777777777777}, {"camera_to_world": [-0.9852201313379472, 0.015484575072514689, -0.1705916784056653, -0.10458209258653635, -0.17129195626502797, -0.09254283557632692, 0.980864358258772, 0.6145518654295878, -0.0005987698539732106, 0.9955882941850595, 0.09382744777699847, 0.058697274059870796, 0.0, 0.0, 0.0, 1.0], "fov": 75.0, "aspect": 1.7777777777777777}, {"camera_to_world": [-0.9861483277275073, 0.015023756544882721, -0.16518402604223353, -0.10112172925609157, -0.16586489423556156, -0.09267947705643698, 0.9817837599964524, 0.6150919488421721, -0.0005590889617647782, 0.995582644119425, 0.09388762510420279, 0.05871042487436269, 0.0, 0.0, 0.0, 1.0], "fov": 75.0, "aspect": 1.7777777777777777}, {"camera_to_world": [-0.9870355703383776, 0.014568337213892557, -0.15983912674190817, -0.0977329004449197, -0.160500825914057, -0.09280102780451638, 0.9826634490604251, 0.6155525954058477, -0.0005174627513464258, 0.9955780897494919, 0.09393614556204277, 0.058715455308817145, 0.0, 0.0, 0.0, 1.0], "fov": 75.0, "aspect": 1.7777777777777777}, {"camera_to_world": [-0.9878832330749595, 0.014118299564417819, -0.1545554639175673, -0.09441706604116915, -0.15519823843422634, -0.09290730503172595, 0.9835048243189531, 0.615932183960433, -0.0004739158977242336, 0.9955746613334185, 0.0939727040931072, 0.0587121996411926, 0.0, 0.0, 0.0, 1.0], "fov": 75.0, "aspect": 1.7777777777777777}, {"camera_to_world": [-0.9886926392091885, 0.013673625067138831, -0.1493315008666743, -0.09117568593298832, -0.1499555987077295, -0.09299812235041005, 0.9843092337550761, 0.616229093345746, -0.0004284737758796925, 0.9955723887376657, 0.09399699566157338, 0.05870049214944745, 0.0, 0.0, 0.0, 1.0], "fov": 75.0, "aspect": 1.7777777777777777}, {"camera_to_world": [-0.9894650623631653, 0.013234294278623715, -0.14416568183032918, -0.08801022000852571, -0.1447713544794835, -0.09307328983584906, 0.9850779754117476, 0.6164417024016051, -0.0003811624753871229, 0.9955713014014007, 0.09400871524006993, 0.05868016711154013, 0.0, 0.0, 0.0, 1.0], "fov": 75.0, "aspect": 1.7777777777777777}, {"camera_to_world": [-0.9902017274745812, 0.012800286943489003, -0.13905643300660028, -0.0849221281559297, -0.13964393533733468, -0.0931326140879748, 0.9858122983188242, 0.6165683899678285, -0.00033200882075271054, 0.9955714283000012, 0.09400755779637238, 0.05865105880542905, 0.0, 0.0, 0.0, 1.0], "fov": 75.0, "aspect": 1.7777777777777777}, {"camera_to_world": [-0.9909038117437698, 0.012371582098765953, -0.1340021635200054, -0.08191287026334867, -0.13457175367796823, -0.09317589829301975, 0.9865134034007474, 0.6166075348842341, -0.0002810403974792264, 0.9955727979076483, 0.09399321828000429, 0.05861300150907265, 0.0, 0.0, 0.0, 1.0], "fov": 75.0, "aspect": 1.7777777777777777}, {"camera_to_world": [-0.9915724455613256, 0.011948158180592368, -0.12900126634891068, -0.07898390621893114, -0.1295532056308267, -0.09320294228505333, 0.9871824443638498, 0.6165575159906405, -0.00022828558385325215, 0.9955754381590077, 0.09396539160878181, 0.05856582950042934, 0.0, 0.0, 0.0, 1.0], "fov": 75.0, "aspect": 1.7777777777777777}, {"camera_to_world": [-0.9922087134152707, 0.011529993133355843, -0.12405211921268319, -0.07613669591082547, -0.12458667194187728, -0.09321354260739068, 0.9878205285622622, 0.6164167121268656, -0.000173773588457736, 0.9955793764100002, 0.09392377265535612, 0.05850937705745751, 0.0, 0.0, 0.0, 1.0], "fov": 75.0, "aspect": 1.7777777777777777}, {"camera_to_world": [-0.9928136547767937, 0.011117064521400592, -0.11915308542028095, -0.07337269922718012, -0.11967051881891635, -0.09320749257382122, 0.98842871784146, 0.6161835021327275, -0.00011753449340994038, 0.9955846393976396, 0.09386805623381544, 0.05844347845811563, 0.0, 0.0, 0.0, 1.0], "fov": 75.0, "aspect": 1.7777777777777777}, {"camera_to_world": [-0.9933882649637009, 0.010709349643415182, -0.11430251468197866, -0.07069337605614352, -0.11480309874011199, -0.09318458232965865, 0.9890080293585668, 0.6158562648480449, -5.959930332389424e-05, 0.9955912531989535, 0.09379793708638151, 0.058367967980362076, 0.0, 0.0, 0.0, 1.0], "fov": 75.0, "aspect": 1.7777777777777777}, {"camera_to_world": [-0.9939334959807071, 0.010306825649616616, -0.10949874388594237, -0.06810018628586423, -0.10998275122750292, -0.09314459891257343, 0.9895594363785561, 0.6154333791126355, 0.0, 0.9955992431889674, 0.09371310987026127, 0.05828267990215531, 0.0, 0.0, 0.0, 1.0], "fov": 75.0, "aspect": 1.7777777777777777}, {"camera_to_world": [-0.9944841498513776, 0.009893303748363454, -0.10441933841643547, -0.0653803196247279, -0.10488693754392173, -0.09306631246282304, 0.9901198875980778, 0.6148611825700914, 7.763401907804474e-05, 0.9956107592957778, 0.09359065096175045, 0.05816747233981173, 0.0, 0.0, 0.0, 1.0], "fov": 75.0, "aspect": 1.7777777777777777}, {"camera_to_world": [-0.9950669141061663, 0.009453266528564097, -0.09875460598458863, -0.062327751173354186, -0.09920585164782678, -0.09292974095730222, 0.9907180538601476, 0.6140906742914585, 0.0001882818653120219, 0.9956277913947303, 0.09340912991988826, 0.0580035785191508, 0.0, 0.0, 0.0, 1.0], "fov": 75.0, "aspect": 1.7777777777777777}, {"camera_to_world": [-0.9956700740689145, 0.00898775432856453, -0.09252201832932515, -0.058954118908241634, -0.09295695163251122, -0.09273652513657904, 0.9913419904597928, 0.6131272252577357, 0.00032976778735829826, 0.9956501178515081, 0.09317045709603644, 0.05779289538238551, 0.0, 0.0, 0.0, 1.0], "fov": 75.0, "aspect": 1.7777777777777777}, {"camera_to_world": [-0.9962813811010646, 0.008497874153649145, -0.08573911479730192, -0.0552710608058888, -0.08615776123404337, -0.09248828906078332, 0.9919792117608851, 0.6119762064499223, 0.0004998504713915539, 0.9956775092978037, 0.0928765181734783, 0.057537319871728845, 0.0, 0.0, 0.0, 1.0], "fov": 75.0, "aspect": 1.7777777777777777}, {"camera_to_world": [-0.9968881543685224, 0.007984789680027249, -0.07842353481887276, -0.05129021484279437, -0.07882590271167854, -0.0921866454516983, 0.9926167938646072, 0.6106429888490176, 0.0006962337324555173, 0.9957097295568266, 0.0925291830962599, 0.057238748929393755, 0.0, 0.0, 0.0, 1.0], "fov": 75.0, "aspect": 1.7777777777777777}, {"camera_to_world": [-0.9974773798366623, 0.007449711559600072, -0.07059304860866204, -0.04702321899545689, -0.07097912792513428, -0.09183320090928992, 0.9932414744712088, 0.6091329434360204, 0.0009165768781638356, 0.9957465365284643, 0.09213031465480692, 0.05689907949759323, 0.0, 0.0, 0.0, 1.0], "fov": 75.0, "aspect": 1.7777777777777777}, {"camera_to_world": [-0.9980358065461985, 0.006893888007639314, -0.062265585677948876, -0.042481711240374954, -0.0626353471960657, -0.09142956095872434, 0.9938397499921824, 0.6074514411919301, 0.0011585047726136756, 0.9957876830384244, 0.091681776682494, 0.05652020851854024, 0.0, 0.0, 0.0, 1.0], "fov": 75.0, "aspect": 1.7777777777777777}, {"camera_to_world": [-0.9985500402004072, 0.006318595658373557, -0.05345926079428827, -0.03767732955404716, -0.05381265558926643, -0.09097733488860882, 0.994397969947142, 0.6056038530977454, 0.0014196176234240604, 0.9958329176551014, 0.09118544182231791, 0.05610403293444778, 0.0, 0.0, 0.0, 1.0], "fov": 75.0, "aspect": 1.7777777777777777}, {"camera_to_world": [-0.9990066340720108, 0.005725130676377713, -0.04419239707064655, -0.03262171191297209, -0.044529356295931945, -0.09047814034566293, 0.9949024286569315, 0.603595550134466, 0.0016975005099372602, 0.9958819854773602, 0.09064319882754501, 0.05565244968752879, 0.0, 0.0, 0.0, 1.0], "fov": 75.0, "aspect": 1.7777777777777777}, {"camera_to_world": [-0.9993921772162976, 0.005114800114548519, -0.034483545911886626, -0.02732649629364835, -0.03480398084684227, -0.08993360765532765, 0.9953394542221816, 0.6014319032830904, 0.0019897326658661896, 0.9959346288958357, 0.09005695936479607, 0.05516735571999628, 0.0, 0.0, 0.0, 1.0], "fov": 75.0, "aspect": 1.7777777777777777}, {"camera_to_world": [-0.9996933799562467, 0.004488913512293129, -0.024351503590841095, -0.021803320672574455, -0.024655305927686416, -0.08934538384199331, 0.9956954947551682, 0.599118283524618, 0.0022938965250824932, 0.9959905883298326, 0.0894286642924188, 0.054650647974063195, 0.0, 0.0, 0.0, 1.0], "fov": 75.0, "aspect": 1.7777777777777777}, {"camera_to_world": [-0.9998971565858188, 0.003848774730313539, -0.013815324269474887, -0.016063823026249143, -0.014102366611981148, -0.0887151363265688, 0.9959572018126582, 0.596660061840048, 0.0026075865348481235, 0.9960496029413565, 0.08876028939131286, 0.05410422339194254, 0.0, 0.0, 0.0, 1.0], "fov": 75.0, "aspect": 1.7777777777777777}, {"camera_to_world": [-0.9999907052194649, 0.0031956740210143993, -0.0028943293228407023, -0.010119641331170937, -0.00316446586920853, -0.08804455628304386, 0.9961115109588307, 0.5940626092103796, 0.002928417736638023, 0.9961114113273041, 0.08805385052958437, 0.05352997891584728, 0.0, 0.0, 0.0, 1.0], "fov": 75.0, "aspect": 1.7777777777777777}, {"camera_to_world": [-0.9999615846996488, 0.00253088033606062, 0.008391887135331497, -0.00398241356383835, 0.008138819753090686, -0.0873353616394903, 0.996145719370578, 0.5913312966166117, 0.0032540341108079174, 0.9961757521903574, 0.08731140824646944, 0.052929811487990364, 0.0, 0.0, 0.0, 1.0], "fov": 75.0, "aspect": 1.7777777777777777}, {"camera_to_world": [-0.9997977884598716, 0.001855633874945941, 0.02002345658650228, 0.002336222299249868, 0.019787638334483593, -0.08658929971272455, 0.9960475603827376, 0.5884714950397434, 0.0035821166777568487, 0.9962423649886517, 0.08653507174507258, 0.05230561805058481, 0.0, 0.0, 0.0, 1.0], "fov": 75.0, "aspect": 1.7777777777777777}, {"camera_to_world": [-0.9994878152286508, 0.0011711388805778714, 0.03198023832278051, 0.008824628281595193, 0.03176186469634384, -0.0858081494694467, 0.9958052748583133, 0.5854885754607737, 0.0039103913449407696, 0.9963109905638661, 0.08572700228736463, 0.051659295545843566, 0.0, 0.0, 0.0, 1.0], "fov": 75.0, "aspect": 1.7777777777777777}, {"camera_to_world": [-0.9990207364501599, 0.0004785566898260832, 0.04424182552828913, 0.015471166406699035, 0.04404110641054955, -0.08499372341025702, 0.995407679258602, 0.5823879088607022, 0.004236636486129704, 0.996381371746961, 0.08488941598885558, 0.05099274091597962, 0.0, 0.0, 0.0, 1.0], "fov": 75.0, "aspect": 1.7777777777777777}, {"camera_to_world": [-0.9983862602900327, -0.00022100095129782768, 0.05678755517419215, 0.022264198698062905, 0.05660471365008728, -0.08414786907639815, 0.9948442302805464, 0.5791748662205276, 0.004558690236681515, 0.9964532539404348, 0.08402458601412544, 0.05030785110320594, 0.0, 0.0, 0.0, 1.0], "fov": 75.0, "aspect": 1.7777777777777777}, {"camera_to_world": [-0.9975747920900947, -0.0009264782966704813, 0.0695965216398815, 0.029192087179187986, 0.06943179279421308, -0.08327247018246198, 0.9941050859235621, 0.5758548185212491, 0.004874457486342174, 0.9965263856756013, 0.0831348441782207, 0.0496065230497355, 0.0, 0.0, 0.0, 1.0], "fov": 75.0, "aspect": 1.7777777777777777}, {"camera_to_world": [-0.9965774911336927, -0.0016368817208849765, 0.08264759393900845, 0.036243193873575844, 0.08250122366700208, -0.08236944738155949, 0.9931811628456836, 0.572433136743866, 0.005181916549182271, 0.9966005191430961, 0.08222258196255416, 0.048890653697781276, 0.0, 0.0, 0.0, 1.0], "fov": 75.0, "aspect": 1.7777777777777777}, {"camera_to_world": [-0.9953863235837856, -0.00235128553845379, 0.095919436396761, 0.04340588080472792, 0.09579168025582474, -0.08144075867265588, 0.9920641898690772, 0.568915191869377, 0.005479125488748723, 0.9966754106945446, 0.08129025095753872, 0.04816213998955625, 0.0, 0.0, 0.0, 1.0], "fov": 75.0, "aspect": 1.7777777777777777}, {"camera_to_world": [-0.9939941114589731, -0.0030688375071988017, 0.10939053259419608, 0.05066850999614544, 0.10928165472568038, -0.08048839946283359, 0.990746757497762, 0.5653063548787817, 0.005764228075349015, 0.9967508213130634, 0.08034036274768452, 0.04742287886727341, 0.0, 0.0, 0.0, 1.0], "fov": 75.0, "aspect": 1.7777777777777777}, {"camera_to_world": [-0.9923945775182075, -0.003788764001114206, 0.12303921236663896, 0.05801944347132994, 0.12294948451650516, -0.07951440230016815, 0.9892223633157374, 0.5616119967530789, 0.006035459351588959, 0.9968265170500789, 0.07937548825817964, 0.046674767273145706, 0.0, 0.0, 0.0, 1.0], "fov": 75.0, "aspect": 1.7777777777777777}, {"camera_to_world": [-0.9905823859329026, -0.00451037483770618, 0.136843681616292, 0.06544704325378288, 0.13677338228368013, -0.07852083629576734, 0.9874854531415111, 0.5578374884732679, 0.006291150781852606, 0.996902269425763, 0.07839825658522848, 0.04591970214938611, 0.0, 0.0, 0.0, 1.0], "fov": 75.0, "aspect": 1.7777777777777777}, {"camera_to_world": [-0.9885531786353938, -0.005233067744755918, 0.1507820546744139, 0.07293967136700549, 0.15073146841716212, -0.07750980625613446, 0.9855314578251385, 0.5539882010203476, 0.006529734961328679, 0.9969778557902454, 0.07741135333540872, 0.04515958043820763, 0.0, 0.0, 0.0, 1.0], "fov": 75.0, "aspect": 1.7777777777777777}, {"camera_to_world": [-0.9863036072451169, -0.005956332451622304, 0.16483238892582983, 0.0804856898344993, 0.1648018058520345, -0.07648345154958036, 0.9833568255862016, 0.5500695053753175, 0.0067497498604469075, 0.9970530596426596, 0.0764175185021907, 0.044396299081823215, 0.0, 0.0, 0.0, 1.0], "fov": 75.0, "aspect": 1.7777777777777777}, {"camera_to_world": [-0.9838313604882509, -0.006679754390574291, 0.17897272138825865, 0.08807346067976578, 0.17896243686297592, -0.07544394473271077, 0.9809590498054612, 0.5460867725191761, 0.006949842581167001, 0.9971276709050099, 0.07541954391036632, 0.043631755022445845, 0.0, 0.0, 0.0, 1.0], "fov": 75.0, "aspect": 1.7777777777777777}, {"camera_to_world": [-0.9811351870427033, -0.007403017994214375, 0.19318110692108684, 0.09569134592630614, 0.1931914215172651, -0.07439348996519746, 0.9783366921990282, 0.5420453734329231, 0.0071287726024500675, 0.9972014861477969, 0.07442027026158404, 0.04286784520228851, 0.0, 0.0, 0.0, 1.0], "fov": 75.0, "aspect": 1.7777777777777777}, {"camera_to_world": [-0.9782149137580275, -0.008125909575797133, 0.20743565772292039, 0.10332770759762192, 0.20746687744561482, -0.07333432124298456, 0.975489401321612, 0.5379506790975574, 0.007285414493414563, 0.9972743087643423, 0.07342258381630584, 0.04210646656356416, 0.0, 0.0, 0.0, 1.0], "fov": 75.0, "aspect": 1.7777777777777777}, {"camera_to_world": [-0.9750714592188628, -0.008848319780152603, 0.22171458376450148, 0.11097090771721448, 0.22176702057736364, -0.07226870048183742, 0.972417926364434, 0.5338080604940781, 0.0074187600741065785, 0.9973459490907529, 0.07242941274943615, 0.04134951604848579, 0.0, 0.0, 0.0, 1.0], "fov": 75.0, "aspect": 1.7777777777777777}, {"camera_to_world": [-0.971706842640577, -0.009570245593957166, 0.23599623379357684, 0.11860930830858522, 0.2360702064765316, -0.07119891548466917, 0.9691241262335464, 0.5296228886034844, 0.007527920005484884, 0.9974162244685407, 0.07144372321843762, 0.04059889059926638, 0.0, 0.0, 0.0, 1.0], "fov": 75.0, "aspect": 1.7777777777777777}, {"camera_to_world": [-0.9681241881066405, -0.010291791905247274, 0.25025913654098153, 0.12623127139523566, 0.2503549719079056, -0.0701272778273776, 0.9656109739152273, 0.5254005344067754, 0.007612124792090377, 0.9974849592469558, 0.0704685151840787, 0.03985648715811889, 0.0, 0.0, 0.0, 1.0], "fov": 75.0, "aspect": 1.7777777777777777}, {"camera_to_world": [-0.964327724178645, -0.01101317260330184, 0.2644820417526388, 0.133825159000667, 0.26460007625774185, -0.06905612069896128, 0.9618825561566273, 0.5211463688849499, 0.007670725182919863, 0.9975519847222099, 0.06950681802490877, 0.0391242026672563, 0.0, 0.0, 0.0, 1.0], "fov": 75.0, "aspect": 1.7777777777777777}, {"camera_to_world": [-0.9603227789314926, -0.011734711211321414, 0.278643960670392, 0.14137933314838091, 0.27878454243187667, -0.06798779673252087, 0.9579440685115738, 0.5168657630190073, 0.007703191958221528, 0.9976171390108756, 0.06856168598722212, 0.038403934068891574, 0.0, 0.0, 0.0, 1.0], "fov": 75.0, "aspect": 1.7777777777777777}, {"camera_to_world": [-0.9561157704878036, -0.012456841045654476, 0.2927242055855255, 0.14888215586187858, 0.29288769685496924, -0.06692467586424944, 0.9538018058231263, 0.5125640877899469, 0.007709115092234348, 0.9976802668548819, 0.06763619351254357, 0.03769757830523771, 0.0, 0.0, 0.0, 1.0], "fov": 75.0, "aspect": 1.7777777777777777}, {"camera_to_world": [-0.9517141931468177, -0.01318010489666227, 0.30670242809246784, 0.1563219891646615, 0.30688920819823284, -0.06586914325784432, 0.9494631482358543, 0.5082467141787674, 0.007688202284287682, 0.9977412193556959, 0.06673343048461744, 0.037007032318507674, 0.0, 0.0, 0.0, 1.0], "fov": 75.0, "aspect": 1.7777777777777777}, {"camera_to_world": [-0.9471265992235671, -0.013905154227621591, 0.320558655676472, 0.16368719508023113, 0.3207691244693115, -0.06482359733175225, 0.9449365428515093, 0.5039190131664683, 0.007640276853113581, 0.9977998536354258, 0.06585649743746502, 0.03633419305091443, 0.0, 0.0, 0.0, 1.0], "fov": 75.0, "aspect": 1.7777777777777777}, {"camera_to_world": [-0.9423625767337683, -0.014632747889325864, 0.33427332627791306, 0.17096613563208868, 0.3345079081068084, -0.06379044792641897, 0.9402314811616094, 0.49958635573404847, 0.0075652749916767514, 0.9978560324227911, 0.0650085007652541, 0.03568095744467098, 0.0, 0.0, 0.0, 1.0], "fov": 75.0, "aspect": 1.7777777777777777}, {"camera_to_world": [-0.9374327230782676, -0.015363750349226296, 0.34782732048714887, 0.17814717284373574, 0.34808646873328286, -0.06277211464818555, 0.935358472409048, 0.4952541128625071, 0.007463242382264257, 0.9979096235620746, 0.06419254797359208, 0.03504922244199028, 0.0, 0.0, 0.0, 1.0], "fov": 75.0, "aspect": 1.7777777777777777}, {"camera_to_world": [-0.9323486148978553, -0.016099129435025256, 0.3612019910375425, 0.1852186687386737, 0.3614861932341953, -0.06177102542566926, 0.9303290130480245, 0.49092765553284323, 0.007334330173962955, 0.9979604994433876, 0.06341174301029484, 0.03444088498508531, 0.0, 0.0, 0.0, 1.0], "fov": 75.0, "aspect": 1.7777777777777777}, {"camera_to_world": [-0.9271227742844883, -0.016839953593569434, 0.37437918928006697, 0.1921689853404039, 0.374688972846113, -0.060789615313404544, 0.9251555524870253, 0.486612354726056, 0.007178790326964918, 0.9980085363527783, 0.06266918171180114, 0.03385784201616904, 0.0, 0.0, 0.0, 1.0], "fov": 75.0, "aspect": 1.7777777777777777}, {"camera_to_world": [-0.9217686315482719, -0.017587388666666037, 0.38734128834080334, 0.19898648467242777, 0.3876772269553915, -0.05983032557617862, 0.919851455313099, 0.48231358142314484, 0.006996970330336916, 0.9980536137409333, 0.0619679473991217, 0.033301990477454434, 0.0, 0.0, 0.0, 1.0], "fov": 75.0, "aspect": 1.7777777777777777}, {"camera_to_world": [-0.9163004847506446, -0.01834269418603024, 0.4000712026823878, 0.20565952875824664, 0.40043392332829886, -0.05889560308590458, 0.9144309602069771, 0.47803670660510844, 0.006789307301967723, 0.9980956134094296, 0.0613111066546187, 0.03277522731115452, 0.0, 0.0, 0.0, 1.0], "fov": 75.0, "aspect": 1.7777777777777777}, {"camera_to_world": [-0.9107334562229813, -0.019107219189945013, 0.41255240381189273, 0.21217647962136219, 0.4129425945149971, -0.05798790006099375, 0.9089091357675636, 0.47378710125294604, 0.006556321481312383, 0.9981344186137175, 0.06070170530792407, 0.03227944945948221, 0.0, 0.0, 0.0, 1.0], "fov": 75.0, "aspect": 1.7777777777777777}, {"camera_to_world": [-0.9050834462960563, -0.019882397564362247, 0.4247689319005644, 0.2185256992852755, 0.42518735019273, -0.05710967417611268, 0.9033018334707303, 0.46957013634765676, 0.006298609127294241, 0.9981699130822321, 0.060142764656030634, 0.031816553864650515, 0.0, 0.0, 0.0, 1.0], "fov": 75.0, "aspect": 1.7777777777777777}, {"camera_to_world": [-0.8993670844692971, -0.020669742911055944, 0.43670540310509937, 0.2246955497734881, 0.4371528852378326, -0.056263389067805925, 0.897625637991052, 0.4653911828702399, 0.006016834835267548, 0.9982019799512499, 0.05963727793896645, 0.03138843746887241, 0.0, 0.0, 0.0, 1.0], "fov": 75.0, "aspect": 1.7777777777777777}, {"camera_to_world": [-0.8936016782494958, -0.021470842945060437, 0.4483470124054728, 0.23067439310950139, 0.44882448334149827, -0.05545151525887548, 0.891897